<class>
flat
DistHandThumb:0.0306266489653666
DistHandIndex:0.05446673828403448
DistHandMiddle:0.07393436628898087
DistThumbIndex:0.07699126484371277
DistIndexMiddle:0.07961691459235709
DistThumbMiddl:0.058093860746652126
-60.30725905411438
10
<samples>
338.75956308248243 395.40548964183614 460.14242777576834 460.3508562011322 210.66478532435409 621.9380551106017 
351.5393072556559 396.2681150303533 461.4121431121771 489.26302277108516 210.98381135046642 645.5338803691774 
354.2795872383299 392.3523747258097 452.5987271458167 484.04823107855424 208.94708134643608 635.7897434445953 
354.35857970423126 390.36986610578 449.80394003885425 481.0998546715846 200.73959348762293 631.6673090796247 
354.1629441848567 389.65828771387095 455.3701333645224 475.9993288764117 206.6781497845624 636.1420910160537 
354.11403530501303 384.3523452405865 445.057809090708 453.3099695464919 207.45272065688948 616.3866724356049 
354.11403530501303 388.00516696305544 447.64468301541 465.2654920062354 221.14136943516223 626.3367094788861 
365.4995777070786 392.9707306044704 461.15301795648304 490.9080264706312 236.9665977757972 666.1408626760646 
367.9727181042158 384.9241185593995 464.71638109870605 486.43359951777387 216.26392217118848 659.9264513978319 
351.07701818861597 393.35384750010246 464.38596214896063 497.9289966006045 213.11755420825034 647.2313312230401 
357.2010620045969 400.32150379440543 467.24151138037496 511.43555085737984 220.66726368007042 651.0667593347289 
368.2465743369846 393.39282440607775 467.7266017754806 510.84811792785615 239.02812857361636 665.4985819220445 
370.36266235947716 394.8518324987713 458.48912431713745 515.9276817738938 228.50153556269368 645.9667010328476 
</samples>
</class>
