<class>
flat
DistHandThumb:0.27648627387496205
DistHandIndex:-0.20167369914230449
DistHandMiddle:0.08918855011444293
DistThumbIndex:0.6284721931433523
DistIndexMiddle:1.004973705901648
DistThumbMiddl:0.49605027441776883
-46.07162572565164
208
<samples>
310.3674048391862 535.4328941542518 585.895390730959 344.85102472497135 87.24631317248536 424.47488127968063 
312.6377516187828 533.6796354717295 582.151004477161 342.7812557228413 85.42928275880807 420.59558597735054 
286.52467477529746 532.8677878035098 583.3139907054408 533.8053857569798 86.20613386044316 610.8739044075696 
281.35187873659766 533.4921486110783 584.2198975780279 580.273142740086 86.32021139280832 656.9446049812218 
281.0665225917354 535.0296302906327 582.4353800041655 583.4628941085173 84.81076015051799 657.3522649415024 
281.4838627782242 529.9591450272469 584.3181747959663 581.7488016117968 85.05871608286273 658.3327974944325 
282.39175765481957 530.9947219642977 584.8261717030277 579.6978397024317 85.94197356282751 656.9236439512731 
283.86781581422406 533.1727317768664 585.9237700934189 577.7727608678188 87.44937003468898 656.3377727666206 
285.22557998513787 533.0181497424201 589.3884242779029 580.8307494564798 88.36940502886414 662.093045478922 
309.4880601612127 535.18426158462 585.7785497560769 388.6285426846447 85.84499014428354 467.480397366306 
310.55880849510964 535.6008969613201 586.0893419849755 344.4914788326517 86.21671079154132 423.5548742549608 
284.14652007660794 534.7242343539615 584.2078712647934 535.7369805431877 87.12845249791461 612.5383975774351 
276.0784562562944 532.5048002333491 582.1566366927904 582.4895026588599 88.43992378661265 659.4916147977773 
277.1702741422272 530.7821948736444 584.029884526009 581.4211839923727 87.37971072356983 659.6370867156978 
279.95536861395675 532.7423636149614 582.4443863264637 580.5216146441007 87.15858618409663 656.5443396117955 
279.2559357545619 534.4945310264604 580.4493667250239 580.603380840623 86.42966574849305 654.2794248595746 
279.77691310339037 532.4621579278327 586.7608455247214 579.7051438402693 86.32288310511643 657.7573009005921 
279.69962308347715 530.2046668186728 586.4536555896052 579.9261674401158 87.4713199253276 659.5894045627027 
278.80338993492217 531.2664813840223 587.4685094244297 579.8043735631494 88.38471679149279 659.8755929447312 
279.632673415953 532.7631472876844 581.7172632133096 580.3258536269386 87.85800891309299 656.3606497797986 
280.7149452437101 532.3280440161799 572.2471794582357 578.9408865543548 85.75163497292482 649.1200082155957 
278.6535750972566 531.2038008128723 570.0039277887184 580.7049380432628 83.60745429349193 648.8522704219099 
277.47460480979606 531.1015253287918 568.7405200019829 581.9984074576914 82.16093232865231 648.5204838885244 
276.0790902342622 532.0094271498989 569.4392345684341 583.9866700636701 83.0945381882887 650.59693029369 
275.2936498287613 532.7735812886648 571.5923650487582 584.9955713561538 83.21103812204505 652.4722081896776 
274.99898592478087 532.7100084040391 575.6070237211896 584.2123840878296 84.35652137626833 654.8856963018725 
275.0469921380568 532.8389884575893 578.8938308661758 583.7446354917428 85.79715419325393 657.1389243461774 
273.9404698934878 533.2491178181139 579.3703881956935 585.7711989622358 85.52727175637818 658.8952486715258 
272.1613306996484 533.8404374709334 577.9938495148152 587.7595735668915 83.96233098119012 658.6429002546731 
272.4469510981005 534.5725180108819 574.5816170259554 588.015050452362 82.97532069626202 655.8046553800369 
273.19364084007185 535.8664695132186 573.1196896800697 589.2043227445007 82.79823015523445 655.109278135461 
275.1393097847137 536.562391162628 575.3766216503351 588.3603686893251 82.98898671556361 655.5682200016837 
276.36705447847504 536.1449194618555 577.0391512135798 586.0766890373473 83.14800521054443 654.9471973422741 
280.1453888468502 536.806759635221 575.4476466644678 583.1352709757198 84.42805187167454 651.6249295429055 
284.1187821652598 538.140338262842 574.5243040380335 579.8326971948809 84.52209151460535 647.3944452193796 
284.2079068606282 538.4715292446534 576.2429457700101 582.3224993813235 84.66723580281217 650.7712518163027 
283.37499917482415 536.731530051294 575.7405891717591 582.3526518066257 83.72460140764676 651.0450412287737 
282.59123217501093 535.8443988896763 574.899196481202 583.4243873603268 83.25235705122537 651.8083177811574 
282.7173152043982 535.0121189201589 574.5304393904681 583.3582693724334 83.76194745866698 652.3082720409978 
282.3963734929738 528.497984899072 574.8295680684321 580.6709244216258 82.10967732407488 652.4268842111601 
282.45193241037043 529.8904202202352 573.9564794739894 579.9913852438813 83.45056487684327 651.2440878622864 
283.21091110233334 535.5608829892853 572.28430784555 579.6386405555554 85.68322377832158 647.9263629952903 
283.4316488827426 535.3693683856212 573.3962471014719 577.624236157298 86.63129627948364 647.3296886910828 
282.91231842070147 533.9725945813367 574.6666331361286 576.7796077535332 87.55340523340848 648.6677975815633 
314.5733537136389 534.9086084624586 572.5338944003576 382.31048034673 87.17891140357898 455.54026500292224 
322.6934189421198 535.0198725651759 571.0370255436877 333.3600960169555 87.15089042058715 406.70271105393977 
291.2040143816191 534.8201217177393 570.5080944627202 529.1998648637895 86.2118329431897 598.1218681524603 
284.0004129857774 533.6704602675485 569.3137911858682 579.0901437848722 85.13419391918681 646.495790969412 
283.7261015056573 532.6228772602122 570.8711589866905 580.554092842158 84.22124549803547 649.0998129845202 
281.69020881246297 533.9665038549415 573.3433721517738 584.7130429567962 83.75975506835604 653.379670207829 
281.4592054791078 533.8892801013519 574.7720646777531 584.7876644754101 83.63039838841858 654.3170609230551 
282.5626110369676 534.3204056490331 576.5057315988904 583.9793583146765 83.22021730931266 654.2551889484481 
283.9553298634175 535.3944172098971 576.3931385486767 583.8681473960357 83.76870044953056 653.7573543457584 
284.01423807893013 536.6395342795468 575.3756782927909 583.1476967369113 84.1694740796484 651.843359816038 
284.42643193954274 538.0752061159278 574.8022034702415 582.8692438991797 83.81218521276574 650.1686046947366 
283.51284704876304 537.6791484357939 575.7573669122844 583.2663914036583 85.00473614861079 651.957117360243 
284.6194559256549 533.5175966402963 577.7191118366278 581.5308958449131 86.22651010622442 654.7673842418951 
285.41487065705564 530.899059196678 578.9790024385151 578.0190982544843 87.34857443870601 654.4214155040095 
319.5876908679899 533.7631951647603 579.6439758780816 379.97450942835025 87.50499263719021 458.5694884362341 
297.3876243478643 535.8606588162116 579.6373937831686 528.5732948554768 86.59678797279213 603.1333743517006 
290.7311279608281 527.6206424409283 580.7610693106321 574.6683162471857 86.97776612908109 651.981318967689 
290.0079490629591 528.709327153135 577.8315675403159 574.9352503662228 87.42535538830876 650.8270106448631 
287.87159532688054 530.6005693238939 573.6059789716003 577.1413034221282 86.5781076037797 650.3051342447283 
286.6245805812453 529.8025866702214 573.0285319521943 576.5532578294977 85.17584369496151 649.0284158112398 
287.6643352168707 524.6524054098043 575.5676090607121 574.8542461488754 85.66168204641923 650.4000790698828 
288.19513810144684 529.7147212771438 577.9144990083753 576.3599000747951 86.36888824873449 651.1022808485759 
290.060822789237 534.8521629094004 577.4624526409742 577.0008458900572 86.28953508289918 649.6895712371117 
289.16075568748096 533.8108020822098 575.9884029181095 576.5246184605586 86.25796304876022 649.0603534950817 
282.7000683074839 535.7951433663134 576.0866420396018 584.3485049476657 85.09522991933196 654.3969070285498 
282.9245127656324 540.2064887473216 579.643152614739 587.2125335123583 87.95027964035137 657.9144454580643 
285.61457057678047 537.5596065227587 579.0631336210552 580.5701821497958 86.9344603793498 652.6367127345529 
282.7095568403961 529.8168328476108 572.2537926677849 579.8716643917176 84.4984195836487 651.0225884364181 
280.02074961901616 529.979937080064 573.5565663306454 581.6816408680513 83.95839898427782 653.0571790258705 
278.6559586304075 533.3807647458572 574.036059089048 582.8829118543027 84.1573337833386 652.3827584781527 
282.22631766945284 535.0337511294208 574.3877188393956 579.9028881167762 84.69009394210605 649.2125489385658 
285.72377723455645 528.7775019711063 577.0587044434212 574.2530209628061 84.12927655473004 647.656916375729 
285.272157284321 530.4826253790027 577.1008631222799 575.0755795965089 84.48214655021306 647.9810439498747 
284.3017377848221 533.489782872908 574.2930086002033 576.6704609343147 85.08038936722595 647.2770876920473 
278.59612682912615 532.5831282461163 573.9504427165278 580.3205887868795 85.37432879491755 650.8863863018227 
275.9758452036922 532.1915899463484 578.0546671735112 583.3950207931707 85.3444500411309 656.4251898972177 
276.5772814303789 523.9563288999007 579.5985407394876 580.810002037105 86.62348465473428 659.1298695932144 
278.9581348285023 526.4849614784757 579.266245019541 580.2782002484064 86.41889664600012 657.3568478449703 
279.47495394897015 531.8463994069011 579.8172051599786 583.2072373097623 85.49888276662502 657.9051762099967 
285.2324444522354 531.8513863344743 577.5211819451248 577.6166156066593 85.17810657705206 651.360909783868 
286.35340829104234 532.0688438152749 574.6524268867751 575.3272619095143 84.37540986098345 647.0311866833111 
280.8239227825875 531.7227845939146 573.9569131550231 579.251597818566 83.63608809478605 649.8069242682823 
281.7124125566237 526.0560155845454 574.9660037551616 578.7970204291545 82.35031282478496 651.9698876350927 
319.8011863735783 524.8741010047901 575.4688433976049 376.82691826130286 81.39054040544836 454.04491354384925 
329.3530670022276 532.8826040300083 575.1002776483945 329.09356917604697 81.90646349536543 403.3591748052721 
329.6117235915547 538.5432145583859 574.7877711462105 331.4507156643249 82.02775969477783 402.397793642394 
327.043699260279 530.5410812448216 572.5232255761214 329.49081097298097 81.16602428004983 402.97075876304416 
326.127633032883 525.1911690670813 570.2315205120951 327.9826727111343 80.06031706817824 402.9378738591199 
325.1414121610117 526.1077548765062 568.4580442544817 328.63030195920317 79.91802728903238 402.2583700027707 
326.35950355701596 529.8881858222178 569.3806899844906 327.9320471627008 83.39859934549887 402.13402575014476 
293.2815031336827 530.9203297779542 571.3489034157774 527.5837605946591 85.14012739475574 599.1246448461035 
317.3357508506992 529.210679704196 571.7619470016167 377.0645524999837 84.14719124438437 452.3324735454545 
292.0391359951985 527.3536903345298 571.2481947455065 524.9239566745833 83.73873487782288 597.4196670727064 
283.1035398624471 528.8402956488704 572.2957748088103 576.5633839028651 83.7761243380938 647.9134185775602 
283.1221347672959 531.9545897804549 574.6149677318949 576.9316345200637 83.60056999934628 647.9480299901853 
283.5825383845877 533.4407331416718 575.1783918356844 575.6600198423463 84.44599874753287 646.6551636687306 
287.05793796186845 533.2448655602273 574.3225570129 574.8506679430421 85.13761780356046 646.0853941829334 
289.0011197363087 532.479411422269 574.6882789830659 575.0482118673665 85.0963316601226 647.0802808683252 
288.04786540879803 532.3131031175704 575.2781935724663 575.6584770177649 84.6398507599975 647.8712069898589 
287.17672340078576 532.5068936331896 577.1313099628761 577.875895079361 85.08859076212704 651.1076235480807 
285.24673510903466 527.2763417256303 581.00666882056 576.4633982911648 85.49512962169167 653.9605979614719 
280.0473249824815 520.0087199095597 580.9357460131292 576.4865780372966 87.53880165157753 657.1494327438215 
278.54456598221293 525.3069471003876 575.8444033796198 577.7240972773656 85.39074368115071 652.625719523925 
281.34884421097865 529.20912080566 573.1044660044937 576.6446714061346 85.95013939810715 649.3403824414523 
282.10751432798673 532.9739652017677 577.3798014517604 579.4269208555116 85.31818619087866 652.1105586470183 
282.1496052348397 537.2097479049224 579.9709491105881 582.665845998135 85.07325468701993 654.1464792481313 
281.8193949637493 537.2391790261062 576.3613199033075 582.0981423826835 85.14888555413395 651.4522601622488 
315.44385394918436 534.9575844859775 574.3425325780543 380.2514958546547 85.56475088533612 453.985177190194 
292.0646982116187 531.4044454771919 574.2823056915126 528.2661109377517 86.41259412827677 601.8409369672783 
283.01899359628163 532.5198388626959 574.1359081523069 582.0869547472222 84.38059638957651 652.6549660178728 
283.41257689386845 535.1628426064237 575.0120722366374 583.6634840514329 82.99883725165574 652.4286563438179 
286.06835061559826 533.9792668788463 575.1748140457654 580.0438608132184 83.0682803067669 649.9889232991295 
287.08197732686597 532.5039310514888 574.6082021154065 578.5110988681889 83.28279487548082 649.2650847085218 
284.3022685839759 532.5708408162866 577.5746946491097 580.8046639237468 84.29068934068064 653.5140332923283 
282.582376924408 533.3411375670976 581.4834049426453 581.1897814222482 85.59249092441524 656.2636074380255 
317.16581730387475 534.9016641739139 585.587187400792 380.5912816992726 86.04624506363751 460.394332479425 
324.9452018979758 536.5047036373173 591.542551388125 332.5964416320286 88.61889124884057 416.64408336862 
330.57090177556495 528.6202594664775 592.0942675067785 327.23790780960854 91.07780273061796 415.19494651817223 
333.6055809258336 529.6915867898325 583.0793854912843 326.03581598775736 87.70922110406772 408.459278458101 
329.7752139681105 532.7267512722138 578.0488357952912 327.6596225351801 87.47670897222798 407.4735918636395 
326.7067296578165 533.2810591469135 575.905533779033 327.54613873985426 87.54232478522545 405.7828180452989 
326.71529582602403 533.9001791127599 574.5652241241285 327.00793855799486 86.59401774116188 403.7763449615813 
327.2858857558439 533.6582238264285 574.6122428286744 326.533644016193 87.20104130638799 403.84031409777515 
328.3149237344435 532.7699431909667 574.7734768760677 326.6065484004441 87.24136821276318 404.5295373999474 
292.7891536382724 531.4201952640491 573.6846590262289 528.9509846509545 86.10643575601432 601.787684488185 
285.4591965118514 536.1161686818072 574.5663090710092 581.3614952984284 83.87423874748029 649.5457947740542 
283.3760854079449 541.0484393094403 578.1281946860619 584.0215429283692 83.88883919548702 651.4096904583154 
281.1515738078078 541.1797496803757 579.2509281724442 587.023357833724 83.53348418517645 654.6057246170163 
280.25049050414657 539.0684145184346 581.6830196978245 586.0653052460825 83.24287234106939 656.2602565362946 
281.4565810235697 538.3384990523039 580.6517602167555 585.6473283227266 82.81684123628713 655.540096320722 
316.87121372865846 531.3876202977335 577.393357567205 376.87998630822597 85.10962811603133 454.08725282225294 
329.9141350709393 527.640791791139 577.1130898548925 321.2749500797106 86.4530652431642 402.45689427575854 
330.0112335688543 530.4628571066204 579.262847861135 322.19387363507633 85.55079431491319 402.3508371321646 
296.4835204129457 535.5492281641177 581.7019245139769 531.7878814476827 86.04960053273948 607.1590245369453 
322.2214959671498 534.6405596788195 583.3572243842345 377.6150800711814 87.24162089661232 457.63827153767477 
328.94847761155995 525.4681590109295 577.9249600566013 322.9599389564462 87.41718021232751 405.4461979422255 
330.4821769045996 530.0967731632101 574.1614765236241 324.80188615500975 86.39595890059249 402.9636224558998 
332.80679571413395 536.1176504199146 578.921993819682 326.07556660614785 85.9768254039518 403.93483715270435 
333.74981802833366 536.4203967300856 577.9176378829595 326.9150673748486 85.33945550448692 403.823970004162 
322.2349284388644 537.4598622492038 577.0081605351538 330.70966336808544 84.85204241197306 404.59137065789446 
315.51921872534086 531.7687752336361 575.7938214664167 332.2157218612184 87.26981934527983 409.41770791246023 
317.013020129409 531.8101745549344 575.8304839845873 330.9188185423171 86.24863671270217 407.88510347901035 
314.9814339008903 533.2628956329336 580.3674413948554 331.9307024122271 87.37333570396171 410.8994450527017 
311.50395904077624 531.0523371283174 577.0206509808272 331.988601234056 87.3218375449237 410.0714477857665 
313.7752168131971 529.8173899159847 576.1764355390177 330.7480653017793 86.42065669377409 408.73634412867295 
315.5477546358814 530.932983193987 579.0888507403625 331.7990422730031 86.278165371549 410.9344439624904 
317.0053465580651 532.8788061579015 580.6027663111275 332.1071654383747 86.03642407247429 410.9623912972089 
316.9392946325175 533.1272982250383 580.1514519060121 333.13302584745645 85.97236203822771 411.60434892755194 
316.7202171215269 531.323102368746 578.1273254494771 333.92862212898166 86.38193919927956 412.73099230138513 
316.1598174467073 529.2680918555923 576.881486907507 333.38773454547766 86.37476943710274 412.64452130721173 
314.2121511907586 527.0676436219072 577.4669711734596 332.61026516081887 87.00312202950829 413.4875866739897 
311.8447283386668 525.0249277134383 578.6298606527819 332.9340474825443 88.61934810519737 416.23284518082954 
309.15526484690025 524.6536762197892 579.5652638151344 335.40416636564987 88.7294692110442 419.1652997670977 
314.52366356300564 527.6746677090497 580.014510176281 337.382896837117 89.14758423868516 420.41188939685196 
316.74463349690666 531.7395398175366 577.849927090981 340.7954935239005 89.52699552824804 420.80830646326524 
316.1217119199826 532.7164746001692 576.1048625154947 343.07331307727463 88.39467308814591 420.78245799516486 
316.50239353582003 530.0309262581117 577.480296463588 340.96563450861703 87.78806792773295 420.79518308800243 
312.00160671959213 527.1964920452453 579.649293143773 340.89275076630463 89.08616554313677 423.87476536010035 
310.3853223319401 526.3194363615358 576.4500178626479 339.71125017558666 90.73032347363821 421.9730405210022 
307.02747241830565 524.7325250051481 567.049862825955 339.09120074815655 91.23254967679279 416.8213686170444 
304.9614832716229 522.4610909630313 570.6482306673535 336.5258193214969 91.5101175227378 417.53825906745516 
303.7150515196696 524.1500773218833 575.2197956219078 336.97215896830585 89.45230760901299 418.6649982539668 
301.7988433526119 526.5663598277189 574.4430400453616 337.26469712757654 88.06339731061482 416.0195259342181 
299.74269194184996 527.6420432533489 574.7135317983001 336.6536717856429 87.18582343901917 414.24995083387364 
298.22314059213596 528.8913440713568 574.7841369620744 337.11608055114226 86.08388915520561 413.12136400641566 
298.4775188010602 529.429220080104 574.7961626279275 336.27700243797915 85.50146623962995 411.6930980093688 
298.74746076351664 530.0385664021858 572.2551682965704 336.33646658968695 85.19315053636255 409.72938566598515 
297.49838365840026 527.5617450482124 569.2919480772376 335.2180689006536 85.31294056736859 408.4527519993008 
298.5224410681312 525.0048004766595 569.94512695968 331.6086938977329 87.32985444353659 408.23807548394103 
297.7761021571627 525.5466092665779 572.1271064483009 331.54795694659157 88.5028474300988 409.5062749990668 
297.7658191491365 525.4897502973107 572.7468893968847 331.0850783327777 87.8013548619314 409.0786989700058 
300.08428910699473 529.1230579437395 573.0743896304823 333.4492616021254 84.22605293106427 407.54915254108573 
302.09249923048554 532.1171900315422 574.9296068524567 334.78879835939784 82.70545907383972 407.3823551666273 
306.28122297419935 533.0390495925444 575.3409757521935 332.16217658006457 85.74427147473264 406.18663978666007 
306.38418318604886 532.3264255649842 573.4817765571544 331.35871811828406 88.31430292909556 405.5137918532424 
307.17201913912663 528.9966035766141 573.640362993481 327.8300117638367 88.87428810116437 404.7512680654112 
309.1729836493397 526.340020061933 572.8035436814013 325.71383483887547 87.71268075997875 403.61963171564184 
304.3435797124398 525.673425056893 574.1569855176483 326.1291702056808 88.76038075468372 405.4622322549494 
301.07789761328246 525.0829708988891 576.4618000701613 326.6841710115159 89.28243457716601 407.7517489669557 
301.13298801757014 524.5622822254351 575.1406994828583 327.5393706207452 87.67133562214323 407.2862977547321 
300.7827970590644 527.0633976586552 572.6030222491274 332.1128022516264 86.49598337517669 408.1336965777268 
300.37548097190427 528.0368559535631 572.9801106834128 333.08096852333057 88.32905252318662 409.63237487893304 
299.2410692700032 530.6517419951316 575.371568795809 336.0966194714268 89.3831611972977 412.2402654895239 
306.31743889604775 534.5199846250205 579.2733176987596 335.1170185399453 90.99472355273515 411.8677780636917 
311.04109804374616 534.7902223676767 579.3315538173617 332.50660797985864 88.38681893217729 408.60425513276937 
302.9695001365785 530.205048907614 574.9535286877931 333.2564713052469 85.66202057134393 408.2314512594109 
303.1024434091097 527.4004013372877 568.9229164631003 330.67761004241027 85.3037403011268 403.8447850940201 
302.6028041192911 529.3550987925147 568.3894906206408 332.94054309709645 85.58275328633638 404.38890677758394 
302.43337686182144 526.8472332027735 571.5196079839124 332.0388994348748 88.13026640444299 408.96856394905217 
302.8458560434391 525.6712582017371 574.3317498788389 329.73122582426527 87.72244944447236 408.6020902642932 
306.15400015302407 528.8233078470059 581.589970693565 329.2096782112765 89.10916985579985 410.93551788102593 
304.835324060933 530.7665242204107 584.7198108878417 332.4539812130049 90.02127390058487 414.865243102207 
300.9453076690399 531.1142054105962 579.9187856629653 335.4355590765644 90.36254530757506 414.93667189932387 
302.77758314782335 529.0118503962372 577.5083940115002 331.7848623756685 89.48104245016586 411.2425545774002 
305.3351558900609 526.8411728272062 579.7431879764338 327.6897117107475 89.00343476539008 409.42336432419467 
303.8721994797713 527.9114046994985 580.6464723811671 329.02379369572014 89.01302220718225 410.4624031209913 
303.7858793551449 525.4190632135472 575.6321761241657 327.87804337774196 89.4666978951742 408.74223622994003 
299.61624435388467 523.9690328169756 573.3469928054956 329.2765760799794 89.15728423753087 408.9780535118193 
299.2864247637108 526.2384038169012 576.4902094047397 331.499208427456 90.18056500039178 412.0352399007993 
299.0142101728011 527.2630229179164 577.4163080015412 332.86008437950693 89.69593253646404 413.0418625768149 
299.8819917166076 525.8540474332568 578.4704207748605 331.59854156327157 90.37887849691639 413.55117730165824 
302.51194781341775 525.6929559098991 580.0159146062805 330.51972496639564 90.79047718074304 413.7879372402639 
302.79147105198433 526.1104409659118 577.8221269485996 330.7258674826748 90.61552585252937 412.1481174135847 
306.07437682227936 529.5849917650114 575.5015510252497 331.2344399155104 90.18777975881551 408.8826338262498 
306.2408144016065 534.1954181968367 576.6380769410052 335.0230579345588 86.8123847727864 408.09254296289 
307.91881655703816 533.7630967824117 579.8370693689553 333.8053607507637 84.86318427164929 408.9029272991665 
309.23505204373436 530.7098393345061 581.1621055871534 331.2256788879473 86.94905263747074 410.84709519768586 
307.11845024375305 528.7327488744211 580.2391714824184 330.2374287030845 88.8740316071071 411.55436805566944 
306.47748554717435 528.0511677754091 580.4699463291277 329.6141087808726 89.52288557499276 411.8166193259726 
306.2791072803038 528.3900766741928 581.4271064187187 329.8684428430978 89.27501157333153 412.15735861583 
305.5104243921925 529.1985651458549 580.8934479887254 331.1232143772683 88.55371942992315 412.12264405910685 
308.37369146790894 529.7792587475387 577.1260858112676 330.76173295922405 87.4693101651676 409.25330017998704 
320.9580995765 527.7299067731683 574.2078621188774 323.7312797344622 87.4381137787775 403.2906229460306 
321.27419428946416 526.7750207240359 574.7484593483298 322.41249407524515 87.89038179051417 403.12612860249845 
306.39806624712935 529.2790752964037 576.9196553665682 331.75093004426924 89.06172893108803 410.9800582138334 
304.14482894427067 530.8737929528828 579.401940957631 333.2771208575957 89.21191540175872 412.5386514714544 
318.4856210435527 529.0846461973707 578.625483415705 326.1122625576966 88.71817545328847 407.5027373613649 
323.80214421305567 527.1792139175477 575.5720553570193 322.35903870064647 86.55971880185474 402.55895997144205 
323.6819701853108 527.1391173378076 576.5704324908722 322.56944390425167 87.08388384486354 403.52932551445576 
322.7560950730606 527.8489033795237 578.1605866385421 322.9212440273368 86.75049910803403 403.8660240976556 
322.7306040069756 528.8066393160594 579.223448373424 323.59825851008634 86.93063692787617 404.702937216732 
314.3167548620026 529.8761029304944 581.2154572448444 327.32133258433555 87.3008416288718 408.2094959288504 
309.70460107532256 530.121004474802 583.2038454675436 329.17667759748156 89.37104901868334 411.43991872822716 
309.1460802132454 528.2414974123982 580.6670419631453 328.663880536559 91.6196724440899 411.191377706313 
309.2243506680103 527.7316128613887 578.2223730071227 328.4626211754693 92.23707546924315 409.94218738996494 
309.67499519643445 527.9688169579847 579.0734866127667 327.9616016960248 92.19529141278828 410.2962234258145 
306.80675400955806 528.6264074517366 578.9867190912256 330.05954156501247 92.49778449649062 411.90766767064474 
306.531556279374 529.0271154263198 579.0389842006779 329.5954663125284 92.48626296023866 411.0210789404555 
307.7641775701927 529.9630209211413 581.1809708517607 329.8632945549265 91.1094634972384 411.3331950691855 
307.40982379676404 530.4685470216267 582.9103110762562 331.9297143832739 89.05767660519982 413.2782158755155 
310.8588855711831 529.53087848946 583.2264996932371 329.2577519864917 88.4696082477175 411.57698667946335 
311.4073197214202 529.4909617865662 582.0879543784393 328.59169548225105 88.76754204938348 410.7130346848413 
319.29702107649564 528.2350388136083 579.0674061735448 324.5836229280891 88.3934612896916 406.50639425270606 
321.6451752079044 526.9633486896503 576.3278636903764 322.6166173860166 87.99661594780332 403.99557104088603 
322.79253345960916 526.086673078854 574.378429352956 321.2317879119478 88.11855969088074 402.42023559966213 
323.2135422515309 526.5018062357631 574.2450899562048 321.1499654304821 88.37157377792519 402.19404413422154 
323.1276003270736 527.0701083623816 576.5828226821319 322.4051841167061 88.68025863456205 404.50353359326743 
323.78778617832813 527.223272487811 578.2245040434234 322.3399890534274 88.27160526752643 404.9379225459052 
322.9449521073243 527.6874266059287 577.3681923484851 323.4932004968301 88.61355635024569 405.5837558095064 
321.3410094619388 527.7505388784338 574.4623312837764 324.8799344723802 87.76553349584086 404.88231629822553 
320.9471127849405 527.4412042673084 574.6877063502861 324.5302244610823 88.6448985448525 405.3311944512176 
320.4258661532462 525.345962033635 574.5223064475362 323.03561346284295 88.92526307954202 405.0412473332928 
304.8654635717244 527.8071841839669 575.5297207752184 332.58343372556715 88.10863297916354 411.23722724302314 
302.3930715852727 531.0068136349128 580.2995996592042 335.6882006401571 89.79764191101063 415.4987555372569 
301.0410748963168 530.3079375478605 579.071414919897 335.96717479803704 89.68739327820802 415.4404994034139 
317.87510861275365 527.6863334747491 574.8820261745723 327.3511308901393 87.45360778318489 406.8704275893018 
323.09943226525206 527.9139382138366 575.1582994068218 324.6500047976201 87.01888536849266 404.4465075002032 
323.35653662734535 527.0476178240674 576.3578018948713 322.6753155386479 87.97389415982269 404.00802613089513 
322.09509076254096 523.3525957424549 576.3158133392661 321.1661969228834 89.80239878233459 405.6449546960283 
321.8654968780352 524.5447384197918 575.286800386944 320.08602804244777 89.78012379220249 403.4190204537608 
306.71476615128904 527.0923193826932 575.6887440651643 330.30793050673947 88.59700170257508 410.05486533491313 
303.6573145564017 525.6617963639005 577.4537883744288 330.80574600688624 88.46618452640365 411.856345472436 
304.7380824889357 525.3826014146076 579.1478187690223 329.86163949110716 88.21005032729597 411.84673839448845 
302.98749982172785 527.3868755111675 579.7358584763889 331.848230355035 88.09212530304812 412.5416072728949 
304.35511147568525 527.7256245894843 579.719481461644 329.94283373628633 89.62790802540175 411.71088820511807 
304.1739560102953 526.8263654796298 579.7224039312761 331.85880515096943 90.97937703185944 415.28249167354784 
</samples>
</class>
<class>
flat_tendu
DistHandThumb:0.27648627387496205
DistHandIndex:-0.20167369914230449
DistHandMiddle:0.08918855011444293
DistThumbIndex:0.6284721931433523
DistIndexMiddle:1.004973705901648
DistThumbMiddl:0.49605027441776883
-380.11372890116684
224
<samples>
391.13668264757683 536.5190609169056 581.1944001897626 460.65408402803325 158.59408291858907 592.3173863638092 
459.5250265219513 551.6709277311603 587.6517117176659 546.7645500394104 202.2661960404006 709.6307502682432 
452.17833871161935 551.9518632496313 587.6081929265711 548.6714351482949 199.1316298006402 707.5945307753084 
446.3431975509429 555.9315387625953 586.0031425576936 555.9287619602957 201.15400595533043 708.9419430222819 
446.9692383151216 549.8653264098316 587.6522745825155 553.4130164174528 196.95431634946442 711.1153977873427 
447.3846219976721 550.1450490424577 584.5879322860521 548.5483833707766 197.20301478012902 705.2298851963365 
447.2278502061337 552.055038813627 579.7385115219558 550.8571729268147 199.18591017977323 703.8081040659595 
448.36397045257775 552.653584348669 576.3485379604263 551.7492303991736 204.88218845704483 704.0707313241497 
455.60865882904375 537.5900384602894 582.2120892307753 542.6426944333386 191.82555328746716 703.9726257616894 
452.3112866157554 533.7609009977322 586.5146793349721 541.8975634307424 185.20084049375794 703.6425524547257 
446.1863399970914 538.9367975017268 585.3195797210898 545.0046742996423 187.16126508861723 703.0066948435349 
445.89376537466865 540.3899461503288 578.4573488435925 546.1346075066236 197.65320421826814 702.9238490809025 
445.7266539034882 547.2231354012154 574.4061627323815 548.1258776098222 203.3090105227202 701.1104356549141 
453.71714757103905 538.4914135215878 584.1152874441283 543.8711450714624 192.56889167807617 705.5694940563512 
444.3506498251128 530.6334028336612 586.2684758405356 540.8920074642351 193.70760399032957 707.7657982428733 
447.58518742246144 546.9511791333466 582.6668141565864 545.4874260928849 201.00131737134447 703.9831698631701 
442.1928312399467 545.6173191146665 575.7486756823344 548.7302228900319 203.36461873211584 702.578285211561 
442.1928312399467 535.2350776500247 581.5886795405424 547.322070171205 193.2015622244258 706.9875800297762 
442.1928312399467 526.1609663569652 582.6458576720014 540.2682740778811 193.58798767280035 707.9917214124785 
442.1928312399467 539.2757746253324 579.1097536516576 546.7392114303874 200.20714065978083 706.5989935072923 
442.1928312399467 544.2114221658253 581.769641834528 550.8166880726471 199.42558957207817 708.0317890894902 
453.02648929174103 546.3322504405116 584.8134092353073 541.1736202173099 199.20121876821395 702.2661813484099 
450.50554935538804 541.0418211479406 591.2053420976249 538.6433159182008 191.30838314461886 702.4845092937724 
447.2141545166029 549.432397898421 596.6083244127061 544.1111627063258 191.6608784456807 705.1443398761068 
452.43590706308885 561.4845336881579 596.0807632766118 548.8198103224387 192.80307987806924 702.2760867882712 
454.81204909280933 544.7405693665028 586.7220686931918 540.5347864765783 190.2598688135716 699.1131500567232 
452.9340459713754 550.6722567440647 579.327469423623 544.3577273400347 198.80681879087027 698.1508472569332 
449.44437920614826 551.7208852194494 576.4308231370171 543.9812973322839 200.58515408070394 695.2358874394274 
445.1255440884066 550.7994045042753 575.0457275398142 547.8635777909158 201.19612468520558 696.7413436650581 
450.69557353051516 550.7089064468726 576.3768151013686 541.676005231015 200.2282388843457 693.8248928095579 
450.21467101817103 550.3948799131256 583.89397673087 542.4725089925394 193.95174786377697 696.2708350203563 
448.0457565918909 538.1085921979985 584.6113659040439 537.3417850789733 188.42814575334197 697.027594331817 
447.9801892941249 551.0420775598499 586.0246266857614 545.4100604262048 196.4444639829193 699.5758413749307 
449.3108612085846 541.5108048849306 593.809452349407 537.8217570515684 192.86727167758266 702.8205234184381 
450.8139860297149 546.9623776549056 595.7228718856081 542.8566028042551 193.33984658391597 705.4069156641833 
444.2310772559705 552.5233840679382 585.9618457838385 549.4013060403109 200.76195695654235 703.0370273030626 
446.2384452285571 553.9239306355432 589.3634527156582 546.0450073000242 197.19084779019323 701.4806695608086 
440.17070552230075 537.7345375383968 589.4609156617162 540.2689977797046 187.64334062640012 699.9052521585159 
448.5727365768009 548.6384527714874 588.4012903983438 543.4312713264044 192.40618259556572 698.5693822759323 
445.9044180090616 550.6800552436744 591.703542086341 546.4195690357374 192.32577205857427 702.1053312003581 
447.63936377400944 539.2358492928612 593.0324334915496 540.5453235224928 190.83046328719024 705.0894817994985 
463.3888755678107 530.6317891241785 590.4910047595491 530.8673258641213 191.947915925829 703.4713487556628 
463.4536114866297 531.286109249613 588.7811373695688 529.5664242803175 190.17273054230435 699.911938374194 
461.56202183455264 530.8612553725158 589.7467468333191 530.8456460723874 188.86323172195563 700.580644626228 
459.4281771942161 536.4853283510994 592.6162348879539 532.6914684286888 188.76435962759305 700.1654914002295 
458.1972828378623 549.4491767498575 593.6125456767271 537.4800596040208 193.19456664465102 699.3354820509107 
445.4820422867795 538.6738533039802 591.1568956762876 542.0511073952805 188.91669475209204 703.6405227137811 
448.7031312571821 552.6569447882677 589.9873436846974 548.9198909917644 196.23559511519503 704.476594287494 
444.42265918830014 551.9744298798043 589.3862678425207 546.2041230167486 193.70288082209964 700.8185286310209 
442.56581431466213 549.0891438227227 590.4270185838967 545.9582783304958 191.4405795691352 700.8581594321046 
446.25665261147645 549.4165225253574 591.0885385239667 544.1025140085673 190.94520567816878 699.3214578354945 
457.3592679721272 551.0422216656433 590.3947114997784 540.7027501171576 190.87360326492427 697.7940203059087 
457.4945354864908 551.0153922416424 588.6580273618557 539.3937553445139 192.0017268285496 696.2394969936256 
457.1919728079223 550.9425104822532 585.9375215781794 540.6148800389597 194.71611979052128 697.2284686657698 
460.44679388611235 544.5884109267673 587.7378229575417 534.1827920711894 193.32405069671694 697.0643180064249 
462.01433960430273 534.861944401576 592.1069210692473 530.9524541257138 190.52856273587895 700.931844136813 
459.9687489384468 532.4983313186076 593.6327545051977 530.718454552635 188.76453726384733 701.161747776718 
447.66589103928834 545.0393677230226 593.5446054370352 541.3643875877162 194.6077197740826 703.7812231843118 
451.6187551464177 550.7949802898722 592.9493545400251 541.2703801143267 195.7729342900078 701.2966659468677 
453.1462236408905 551.0848097889519 594.3391031828984 539.4101763535336 193.89087450571952 699.8264911440313 
451.8412331782039 543.6736615822617 595.8895093790652 538.2164450350339 189.38108946318061 701.3928211852101 
451.88826052465663 548.9931422432161 595.111037467728 541.163489154317 192.2242068899976 701.9812478068442 
451.64726280583176 550.7909312735871 593.1896663966351 542.2052163751925 193.9665643619192 701.3648695779898 
454.21525733951296 551.9981315428906 591.562820686755 541.9135742903442 194.6439599239727 700.4090938086508 
453.9509885439176 551.7775203290336 590.842345335731 542.8810182554286 194.86824877064106 700.8544070508611 
452.692500490123 551.7384325145779 590.4034923610448 544.2604074185359 196.81722499631786 701.8020611772272 
452.12221798978203 551.4204121664712 589.4552033105947 543.9103368593479 198.37048245815316 701.1961435827669 
451.85423534586903 551.4944185231309 589.824385242046 544.4270970528189 199.45372717940145 702.4772216145337 
451.0678995450684 552.8502211609605 590.1270209302256 544.9526817665616 199.09347780611773 701.925447720644 
451.5752982615413 552.4305475552588 589.77633965475 544.7609986968946 198.56785994843762 701.3721550232285 
452.46104804723245 551.8560613930107 590.734107286618 544.137780919149 198.87699441555014 702.6820834841747 
449.2980636504012 551.2371375863376 591.8037813485311 543.6144770863111 197.73672936625806 702.0886650555888 
451.2587949281432 552.6287368437474 591.26063970583 539.7679984699057 197.6525333927595 697.7868086529562 
449.7896730695359 551.9390941781862 590.7023353879481 538.2446898316201 199.5937494196532 696.9029305957749 
447.3446657779658 552.1304622551422 591.9097370471095 541.2031840207256 200.31131045595322 699.936475689404 
448.67443653500027 554.1680482075672 593.1098588066722 540.9592794391881 199.64149155968533 699.4802419197403 
448.0164617511281 554.2097092328916 591.5889232049828 540.9015143524241 199.71529763748967 697.9159231977847 
450.11331906532166 553.0018522099044 588.7123965759887 540.0709219219435 196.7400436331788 695.4896694429152 
447.8777735052276 541.3731343232301 590.5971489152546 534.83459686779 190.4037190887838 695.9858696680054 
454.3247737026894 539.9477759222202 591.8238685679304 532.7557020387515 189.63414481198288 697.1783790228163 
450.3401492205642 546.5452429460066 591.3438076382841 537.3477229859279 190.47707218699188 696.6577118602875 
450.65230499798844 554.1868427752845 591.071645381457 540.971462416864 194.0837573038125 695.9952655581801 
450.6223474263122 554.5873570592096 592.4237452203122 538.9561682214263 195.02240534765892 695.3639676177997 
449.19928762187504 556.679928538233 592.8606174178293 540.2368505644517 193.80452842235604 694.4577418287083 
451.3773366043094 557.2179548804828 592.0739392959775 539.2121539389324 193.50886913017942 693.0229779171448 
451.73388183752616 556.467577090927 591.6123921749543 538.2387633548991 193.61156079971434 692.6596531024284 
452.7021647838676 555.1278376679769 591.6435003931971 538.1376012325227 193.3948253630046 693.4893654353534 
453.01572820377885 553.9816479472305 591.8122994360662 537.1722748917455 193.99408633638205 693.9736244340311 
450.0747160194627 560.4463379270699 593.1096809732825 545.6347406251766 199.00891497377552 696.7405789715149 
451.08424933708335 540.6186876253474 592.636356929454 530.9627755621173 190.71284624647194 693.4812251129329 
450.54716734211075 556.5011562485506 591.7120485331686 540.7277179766656 198.35564372938782 694.2164317258403 
452.6510797512804 562.4663492633244 591.6213719705263 545.6676906862891 199.01346534341883 695.6758470708409 
443.54368443254833 558.0317339227222 591.3702899903233 546.5471932559602 196.618790841131 696.2206465125323 
455.7951842659157 549.5167301835371 580.0638752540871 533.9319577432474 199.8156780335167 690.1175592094272 
455.14613038012305 547.734104411925 573.1650307641326 534.0794879028368 204.82455576486163 689.7474237438136 
454.7565282654005 546.9158770405538 583.6567943930003 531.6891740586452 198.00764979587598 690.5986025159484 
454.73646214043583 549.1940499028431 590.7664217097924 533.12104461418 194.59959681192166 693.4103447565496 
442.08370248178113 555.2874614309615 591.4608703162219 543.0421418898648 193.81833601016706 694.235432663499 
449.22683579679426 554.3061159680824 592.9977126456256 535.4062341233699 194.16206313186234 691.3752926960021 
452.15622300262544 546.9108822221416 591.7882641723654 528.1383618333628 191.52992333891004 688.7677538639138 
448.90310758559025 535.5590256522125 586.764965435872 524.3152222832971 191.7885359393498 689.3926232512656 
444.9241508392189 545.0389825934069 583.4314227058403 531.8907459530328 197.5094524918063 688.9167945370418 
452.1728098857781 548.7931281408102 585.8479048329971 531.2782714321654 197.2879643269157 688.7674140727003 
456.75732068572256 550.844432462201 588.4807028063829 531.4285523845157 193.7648791385829 689.9069336726047 
446.76699743826197 550.3776734359043 591.5095574584349 540.1424953296917 193.84599154978577 696.709286845722 
446.9594500623071 542.2232117804791 589.6290012936638 535.0902580998782 190.24260479920758 695.2277540928663 
448.1433922306565 541.5418987168225 589.2733877092382 529.358902984543 189.05798619724047 689.8467177153199 
451.99363933577644 554.8358766259943 592.6084975860628 533.4180557682595 196.87948710051694 690.4250188599037 
449.8647018826882 552.6114173982378 590.7495332974719 532.926717431816 194.65743759330567 688.2785823380739 
445.3324600789842 552.6044587071387 587.3878687807206 542.936862293468 197.22573748194816 694.615515406922 
443.7189425751396 548.1093463761242 588.0307366670412 540.7040934895358 194.11720807912357 694.3938569790059 
441.83113290034237 549.0894755771932 589.6122980752519 542.3733901878911 194.58479269598402 697.0270840375554 
443.0183404781342 543.3931860439664 590.7810966983985 535.9684107760123 191.9463277731908 695.7997662563347 
439.86532029702 550.1378051717686 593.9142409191322 541.794605191244 195.19374715039945 699.320180168097 
438.6313942252651 552.9892854320815 596.8430428674025 545.4017860833727 195.88819287112113 702.1137582810242 
439.7686891992198 554.0825730159261 596.3147611515535 544.4243461347427 196.30877135800856 701.0606913420852 
440.15480231391325 555.2874119940133 593.7503713410957 544.468964399195 198.07841764670076 698.542683580428 
443.47773337564536 553.4683232981571 590.3304049639431 540.0309277002663 200.10439756816572 695.6267962425923 
444.7102989587716 547.4770821574898 589.6453371822689 534.8455200219693 199.04800103457288 694.3603234320901 
445.4270422863884 543.9986556735831 591.143271904474 530.8363317026038 198.89616873540143 694.1346425750284 
444.91459854673235 543.8613444221436 591.301154923982 532.1560459339336 198.26155556454606 694.5542156582529 
446.29614607343404 544.3293265019915 591.6049347480601 532.0567031579333 198.25450477201946 694.5310473975134 
445.9041376798381 543.8065421829986 593.8749797170104 531.8802786758768 196.04992024228852 694.6293423732827 
445.25975564831816 540.0058565858881 592.9938862002793 529.5299689876028 196.60894822900997 694.7773703671246 
446.28858376615455 543.0272853245522 584.9913370983013 530.2903869077397 205.34837821164763 692.6847601348944 
447.16971051268666 546.8738888910993 580.1975460285793 528.3192721315199 209.77195896374604 686.9638552009313 
442.28525862841053 546.5365703405818 584.9664840430135 530.9369721604036 205.16957707473236 689.2425720330434 
440.620585084265 548.6079996453261 589.587174886362 534.6487331973756 199.86228628860223 692.0097027456695 
442.4494321388604 551.3827163038402 592.5454951827842 535.2561325182879 199.27718057575984 692.3017586083708 
445.2496490734159 553.4519593170633 594.2963259048882 532.3870922376371 198.67133989962662 689.8398830540257 
443.66034305536033 551.1030645689132 596.5211129077322 533.1367890938764 196.06702281709383 692.3962600991883 
443.61864252981974 542.7795159108772 598.7427014800074 529.0983380798785 191.79456754289987 693.5935982793224 
443.7966876848001 549.3800065314081 598.4291538248937 530.558577649858 194.0934111102792 691.4550600176931 
443.18478087587806 551.5981761697515 598.1052144741269 533.8138163551821 195.3780860810416 693.3853967853217 
442.1328985723636 550.8581982798032 598.3811450240105 533.5064185320118 196.39736090271236 693.6968178457101 
442.95880169604936 551.5338270593827 596.4686983146069 532.3645319476904 196.82206336533832 691.4045854891457 
445.8979703923309 551.840826648043 592.960785106607 534.2548922326118 199.15666088620307 692.5453422334648 
448.9212068949294 549.5692259872058 591.1412816917713 532.3815504453501 200.38702331121956 693.156349599355 
452.92549056108555 544.5058405094949 590.3046766220043 527.2852561893659 198.94770957662183 692.0595734872168 
446.6254023227967 534.8439675264733 590.1133969372898 524.2819160941469 191.84892515151432 690.1480092031653 
454.8417307152016 535.5602372971696 591.1602151015345 521.9824582533537 189.27678843854332 688.8369480389867 
453.46885229307645 537.8991438260751 590.9668133020249 525.3385078533729 189.17089089972038 690.3343017715462 
454.3627405498827 538.7856182320405 590.9204619420165 524.0281409437509 189.45575924806369 688.6540385019327 
455.6437753333189 533.363827211374 591.3260907312841 519.5793294109038 190.73788629915134 689.2919028596358 
455.04148162557664 540.056557938605 588.4562427461377 521.4152307815176 196.42930221075787 687.9034793090356 
454.0795635128276 542.027581781089 588.2274019447725 524.4296403885658 197.07201018211921 689.00375713547 
455.2254935743384 545.7807303938964 590.302825184738 524.3465407686107 198.07808830403954 688.7548092863567 
445.0126402699141 533.8265886680814 591.8546441401738 522.560909602745 192.35658794240587 690.19478323479 
446.08463322557975 529.089290555302 593.3383561650529 518.6807631061486 190.92862259112746 690.0103384614094 
457.3904240361838 529.9770270974307 594.0799032120775 515.4778063414644 190.6963458815083 689.1016819049496 
456.80767287776587 530.2379175674222 594.5641742390239 515.752845816241 190.89738757577186 689.4398487730589 
455.86566003593646 527.4553854882868 594.2706909219518 514.3859995635735 192.45733131880132 690.241189379693 
454.99917582342937 538.8068649447459 591.5375303592235 520.122160976158 197.39111271727043 689.392803998325 
453.10401675553476 539.8947819024976 588.1674647434411 522.328517672816 197.18255307871482 688.2500530610995 
452.47375614503875 540.3087079527758 587.6896794793602 520.9763690255618 196.93186969269271 686.3505692791771 
454.9280162838952 542.3320387953015 590.1654728295214 521.40420984301 196.8097258108544 687.4599062666697 
453.7730710388178 536.8004334497523 591.3974917294354 520.8346030249893 191.5946321410624 688.5632538812946 
453.3748449131248 536.2410660980487 591.5296049337152 522.4519503202243 189.78691171061465 689.3480601074327 
451.5135656876768 537.7195484803428 591.4594851099135 522.5420191071996 189.67049447080967 688.1493651004926 
451.7291777160293 543.4253622340981 591.1908221117545 525.4034761609163 194.2280970240824 688.7464820242282 
454.46341987007054 543.067787830885 589.7838517350049 523.1504487480951 195.91727817464619 687.7236781163003 
453.0281448210475 540.1273183864216 588.3735306781983 521.0742103085229 197.19598236187247 687.5299083640393 
454.5860754576629 539.8712488438294 588.1529036484972 522.6988179201951 197.0886272577349 688.5328832798757 
444.9713473921664 539.2206985505836 587.2452959440008 528.3020059181989 195.29451847206133 689.9991844817978 
445.09465285487306 539.4458802792682 586.3399281390098 528.7136966457506 194.3073181865894 689.3932246204309 
444.7665117789333 538.9345560649651 586.7522315400989 528.8066744435001 194.96148516749196 690.1711829553728 
445.35996676845576 542.597786666302 588.2111242900568 528.8373827491342 196.76530687063237 689.0062879748652 
447.8529334502566 549.7000094773109 590.0119645297085 530.4786544035134 200.34450673164983 688.6112923673973 
450.5180351550868 554.3553184110508 590.4776932708654 530.8881773880594 201.27839816904168 687.3159018378351 
449.3186508481481 554.0885094189193 589.3259781418973 531.0183286751219 201.19710036787106 686.404987356733 
445.03426834346135 552.9016512658452 588.6748253448269 532.5128667327883 201.31538753774524 687.2569042533271 
441.6678616336036 550.303643174914 587.9579113914155 536.7248401489753 201.52284691452476 691.5577192643557 
442.6652233912215 551.9407650447658 588.823398452642 536.6007323892593 201.34442928036998 691.4148211217224 
447.3002347417224 554.1508071159338 590.9285287255963 534.1080183310698 201.762719038748 690.9021883406633 
451.72225980130753 550.7504099849409 592.0401486757444 532.7418821908005 200.01940981439816 693.4201914086702 
449.001391980025 535.7118179162308 591.2434630227146 525.3655181706679 192.03719001705525 691.8166023742873 
449.35203348822176 535.143504091962 590.8951533646784 526.0503844183346 189.74793047359663 692.0883153593096 
455.7537712405681 540.1448938952083 590.0463533522357 527.4566096950967 189.4937549988072 691.1335246801807 
452.84103170980427 547.3705454388537 590.0873464805949 532.6014247487112 194.2484504761568 693.127005413086 
448.24797824418573 546.3131550992529 590.4036989690587 533.3852280824129 195.1833606541406 693.7801331959537 
450.81343147692485 545.8897207694512 589.7578035643628 532.4784361423416 196.85100627184698 694.3515111677054 
456.4148332383601 547.6115016050418 589.8122932267207 530.3426847438825 196.77057407832402 692.3472616692751 
459.79180070984296 547.420869076334 592.1983306804271 528.9429645964575 197.42632916062058 694.9298150426009 
445.8873176038987 552.7557997092782 596.3101438987914 538.4988662035028 196.15453541065534 697.4528680601019 
441.1000453411902 552.0539603537422 595.9881264182163 540.2906624093574 195.69606348866307 697.2416167456688 
441.0 541.1099022304866 592.0928124571714 534.6406026873473 193.4610990827601 696.8908416413328 
438.720013220277 539.5899414383191 588.2976222169868 536.4253395205864 193.80312554399137 697.2547441915987 
441.4595111672191 551.3347363760888 588.0269614853305 540.6549858228353 199.13074626535976 694.4635730218109 
440.97505598389574 555.2962283593287 589.1088912166434 540.9953789073857 201.32657612778684 694.0873109323543 
441.32612657761376 556.3715837248466 589.2544420541572 540.2086473697092 203.44618987275464 694.2867705600216 
442.42004927444236 554.8686101524365 588.2530365918126 535.9785856139868 206.02415353627825 693.1313214370284 
444.82833767645695 543.3150038252522 588.1327399013735 526.0533806840914 204.4654063700877 693.6392453479747 
453.784365089852 538.6673646933915 590.6753635899322 513.7940435188248 207.1094805622057 692.0289039168103 
455.0068680800324 550.8555303571376 592.6434683440718 515.8980992030031 217.79736795091506 693.8018050881931 
453.67637143673244 553.9866873274873 593.2297685226054 517.2132811024796 223.85717378641772 696.4425147302748 
452.09346378818617 554.736069267771 591.9541899582978 516.501726321596 232.05200463036454 699.9078251941743 
450.4561576890697 557.183251343872 591.0509688076885 519.2102902957783 238.04308870269853 703.5607709447478 
449.12832242021875 554.3900084526554 590.8299289551944 521.8200349229566 241.25434075668514 709.4837324262526 
456.4575555295366 555.7348803281365 590.1849724410083 517.9684550013208 243.27189980417344 708.7660044366089 
459.79805349740224 555.7487104610786 588.3297266582119 520.5433404638492 241.9910509963255 710.4479247474095 
461.7569707107842 557.8531154672727 587.3147792281475 524.6402763173712 242.25546491968566 712.7530602165141 
462.8468969324522 558.4124819521857 589.0853751733671 534.697344298623 243.02595493376916 722.7241977587508 
461.428759398458 559.0388196943557 588.9991422862313 537.3563988691706 243.88796422682094 724.5311620535631 
457.89245462226177 558.1286729071752 587.274449590117 540.6123419638249 244.75126406621004 726.543671050805 
455.4154696538097 555.9237905015198 579.3070940663416 541.493224492497 248.08470197852012 723.7344262636407 
457.46311326706996 554.2614935461135 574.7121715275113 538.2581267612966 249.97946339794493 720.5546541563689 
460.85518332769135 555.872460515138 580.838113430318 538.4965983936562 248.3434469043797 724.3618703320867 
465.8449312807857 557.4991203556777 584.2693962870002 535.8991423079136 248.25133944839604 725.6539633390521 
468.5819031930277 557.9732890523576 584.7335886802051 533.9506961254655 250.97777109734187 726.2812313546935 
466.38959036410745 561.3507605797258 579.7417804375774 532.6809112675229 257.9957971322521 721.579186370888 
458.99591501450203 563.4331012668976 575.1568133563463 539.7071965346743 261.52667688615446 721.6346626361842 
457.96997718191096 565.6183546466601 575.2223958106335 543.7139093575278 263.6098588925347 723.5268266653079 
459.8516064993141 561.8122752397035 576.4724335034844 533.6889130300564 265.90600921943354 721.4708427315085 
461.91043504125344 551.9235920055396 581.8518033564727 526.3001736336083 261.2037500743165 724.1089436944359 
461.91043504125344 554.9167008158447 587.1670505903289 528.2490356095914 258.78492016125796 726.4518562673454 
461.91043504125344 558.6453480092825 585.4828289569529 527.9640006129916 267.4592183009096 725.5023604628419 
461.91043504125344 558.0199997831443 584.0463582820643 527.9840251596 270.82062832169214 726.6958754548513 
461.91043504125344 555.8907004617174 582.3542787133824 521.4912126482449 274.38325285478766 724.6501666099043 
469.54046683965373 553.3944873720928 585.4154305519397 509.3728917785554 273.463539142001 723.6864219625315 
468.20535024708977 556.3021476709471 590.7218681212387 509.51413930724686 273.19811513773465 725.6330108960044 
469.2848282226903 557.2815231997577 591.9271650490302 506.5930939041916 271.5571738439038 721.6779882997081 
468.4719842210418 558.3858988971957 592.2248410981507 506.498559553017 272.3881260100626 721.5092481176886 
469.4566007630524 556.6358608556255 592.6804729906193 501.45807795082885 273.4943007275193 720.0260057945294 
467.96207111260634 554.321008739498 593.0451848782621 498.1175964709466 274.48887907266493 719.4415814211948 
468.765666404868 554.4142634524101 592.6902195021664 494.67008101581274 275.3860459508769 716.9688618333377 
466.4445304642344 557.4595811628889 592.3217031309929 496.721071393359 276.7852120831779 716.9947698554015 
467.10411045076455 556.9798342942438 592.4757667417878 494.6282825598277 276.573947932017 715.7421080975064 
467.10411045076455 554.1211650252537 592.7826939078495 492.9205484683298 275.9651465662399 715.6791663691293 
467.10411045076455 554.4808387552739 588.0044208970626 493.4659768045046 276.754675403841 713.6402136007025 
467.10411045076455 556.3701357478931 585.0765924687371 494.94733512028165 278.8883221771338 713.061734320029 
467.10411045076455 555.061673883595 590.42089082073 495.0147828503548 274.9132094662007 714.7679059946834 
467.10411045076455 552.1300435103768 591.2128530138274 490.59387199343377 271.50708270558675 711.5024612973538 
467.10411045076455 551.1295808180702 590.4861218322114 487.4644194202169 270.19647911113304 708.6884333320851 
467.10411045076455 550.365140192871 589.5078631988706 486.1765097748629 271.66238319945825 708.6523123323012 
467.10411045076455 552.3671542657448 586.1836868884376 490.51682827711136 271.7857502865501 709.1863425895954 
467.10411045076455 549.970035342072 576.4938549986147 488.92104420653806 277.07189795873137 706.2634197613013 
467.10411045076455 553.0856564764417 569.8258931341023 487.5492602580357 284.1827257691477 702.3381097722466 
467.10411045076455 559.5920092131236 572.2121519881354 490.1511256016169 285.20920317353796 700.7973708410346 
467.10411045076455 561.4326302543896 577.0176328393339 491.89127473449565 284.2919951176225 703.8312322083 
467.10411045076455 562.294504728977 577.0758204918645 493.6380744853005 283.8966660802511 704.3337637834821 
467.10411045076455 561.066127244274 574.8496181765966 492.5083621113847 284.8645424319234 703.3063298625248 
467.10411045076455 560.7638088678179 573.2778213136867 490.5125313685105 286.6425306588482 702.4718929917121 
467.10411045076455 558.7389926824686 569.9560127756483 490.1745085922419 287.65072753102277 702.3965878589127 
467.10411045076455 557.0780183094927 569.166954880693 491.56304740069146 285.63401461454055 702.6630738776064 
467.10411045076455 562.0297027045258 576.8726863331219 496.0667012752235 281.4362469383722 705.4214496748208 
467.10411045076455 564.0637985924251 583.5311659251046 499.9134732714751 276.2902634454876 709.0950890767732 
467.10411045076455 560.6919780739263 584.9232401658346 499.99060240562125 273.91025594571465 711.473416245758 
467.10411045076455 567.3874091547644 583.560775160432 505.50712680295163 277.1936387182472 710.406475005677 
467.10411045076455 562.7106717213744 582.9941746725275 495.52980305660367 278.53308211566804 707.2782069412223 
467.10411045076455 564.8638304816346 586.7566072116056 499.0099057337841 277.90976407216766 710.3401559364461 
467.10411045076455 565.9798963116602 589.5209339874829 503.0256648527842 276.3977464492317 714.1742758102491 
467.10411045076455 563.8894958122706 586.319079880863 499.19045827929654 274.8678852278528 709.9887406811897 
467.10411045076455 559.0375987904797 584.3585482903628 491.25676827063955 274.20117600845344 705.7049568103046 
467.10411045076455 558.4936241762655 585.7673946038977 496.0269807626312 270.5728673745957 708.2833296639237 
460.32162669159914 558.9294474402708 580.5361061219836 501.63418491595746 282.8983704085309 714.1644421774419 
468.0165595360916 558.8100665772645 577.617400156962 495.8300493544545 289.7971823266182 712.8784798336873 
454.3038630696419 554.0830066587985 577.680671161617 490.61743059170226 286.4601417181045 704.5459553901246 
470.344023029952 560.1348166802738 585.0412549819799 494.03059150690035 283.281408724681 713.7785404307109 
471.79047256170827 561.2505956551273 590.860174390667 493.6705434303297 278.6180844310586 714.1732454569351 
470.8951581827955 561.4054891261442 590.7166786717416 493.29955449857266 278.3999776600675 713.1686981619869 
472.13795653389275 562.3408378135429 590.7637293801237 493.4496673424019 279.44961000524927 713.9669907415016 
468.10549024765777 562.3131115906251 584.2290707563973 494.33012268935795 285.42779689096267 712.511338409023 
459.5013601720891 561.908373613225 584.2834639447922 501.85454071112383 284.4256947542338 715.3023650079278 
457.1654514505662 559.6748137270216 585.7811999179893 502.4780798705322 281.127454968683 716.4110894560589 
457.0243428965245 557.8241824284837 585.8792793654007 500.9909477616367 280.23011889038384 716.0241121137304 
459.868731270131 558.1809586673556 587.7451293385724 497.23645767345005 278.28241337478767 713.707714890978 
460.27899148233996 556.9428636746603 588.4303257542045 492.55129854496204 276.7589865324071 710.191253339796 
463.609210434823 556.4194395268755 586.3398165578026 490.72996198106733 277.121602474101 708.7353738182271 
464.53094622425317 559.6933534573374 585.3469523867753 492.1456684717261 278.8432667480499 708.4644170592762 
466.45846546075245 562.2404842709167 586.7693643273305 491.3017422673263 279.6665784713201 708.0218385852116 
466.9314724882014 564.9242688529484 588.9207896727296 489.94472233479235 280.51461050585436 707.1434578483959 
456.1455359860491 566.5531010470685 590.7005590506925 501.4618571393702 279.7229675204331 712.0629887727639 
466.6548510408951 569.3101957664637 590.9498526689131 494.61778916284834 280.064332163593 708.9633839201531 
463.8329440649942 566.6710157072994 591.4138478620337 496.0540115405888 279.60410602448223 711.108839564747 
465.69866866891516 565.1033166929874 588.6365472515294 493.3850926177565 279.77010953024313 708.8832968927759 
464.9701603328971 562.1212488214587 584.1763492263656 493.6844632980326 279.4427810422453 707.9375356639146 
463.6456081966053 560.0212575942016 584.0729663796037 493.7639556149044 279.67562847562203 709.0577204615307 
463.50539371187483 561.2844636112466 580.4776848320098 493.834548619625 282.7643484780726 707.5597412879588 
464.21142812300513 559.9820734404145 577.4020253177368 493.4769942593083 285.51213508522665 708.1874852277699 
463.32413060405133 557.5890360559088 578.5926117415337 492.98295529360854 286.41437783132386 710.5749340371585 
463.80868900873344 556.9386803795842 583.9737013220715 493.64399658677496 282.8292097645672 713.2692552815739 
</samples>
</class>
<class>
ok
DistHandThumb:0.27648627387496205
DistHandIndex:-0.20167369914230449
DistHandMiddle:0.08918855011444293
DistThumbIndex:0.6284721931433523
DistIndexMiddle:1.004973705901648
DistThumbMiddl:0.49605027441776883
0
0
<samples>
398.2170348088148 554.430678121771 376.8275870907716 594.7057673489675 510.0254493086442 508.76403177689224 
416.9072742191829 555.893200174278 324.2795861598444 519.0962230193873 572.2403341254442 438.03875704699624 
364.2873729277837 551.7798474029294 324.2795861598444 664.8878312087122 567.7070107018232 464.67039803876867 
364.37762345459385 550.2147308097086 324.2795861598444 662.0181854835857 567.4557251451429 468.74194601218403 
363.7652065805484 551.0104354728684 324.2795861598444 660.0348481465562 568.6574100458025 470.5955140431732 
362.62860765849547 544.5055096139984 324.2795861598444 654.5201438360895 557.9041136252716 471.2859586994007 
360.81521298463895 548.9822401498977 324.2795861598444 659.6442756692579 562.2110368891739 469.74581490534683 
361.0843058861918 559.5634459111853 324.2795861598444 666.4457854422286 580.0439638510171 470.7537457190875 
363.1674183336123 543.5637037183407 324.2795861598444 651.1727472974965 556.0928429677907 475.7891294525308 
361.7153511734201 541.1868900851165 324.2795861598444 655.5856463871444 552.5083709773093 467.1434060834932 
362.11651461981904 555.245216098257 324.2795861598444 661.7533390625352 572.1092553000694 469.0263362187338 
360.38683592440935 547.3931402566167 324.2795861598444 656.7324968985971 558.553488933692 468.88674421432086 
363.0297978212365 552.2974741930294 324.2795861598444 661.1592277400828 570.1642307265512 470.41053743559354 
362.42802730614125 553.6366136736261 324.2795861598444 661.6818422263347 569.4745385001861 468.63707119683147 
362.2749209596656 550.0284083572411 324.2795861598444 660.4520679439968 566.5377304293157 468.2142537389479 
360.4966854963477 551.8262860719848 324.2795861598444 661.2425208209182 572.2665462876543 468.1397391475567 
360.34153643121863 553.1482622227064 324.2795861598444 666.3731398585519 573.8120336835051 463.55150845718094 
358.6798338135817 551.6402813428331 324.2795861598444 660.8139886566338 570.3764108025506 468.046314354993 
361.55924202085396 553.7016344566811 324.2795861598444 666.2038702603605 571.3783772597629 469.35531721458824 
363.9106031442393 553.2998734863402 324.2795861598444 660.131418653463 572.8485838334594 475.3609563727696 
362.77557828120854 553.1358332272463 324.2795861598444 664.1414698163229 571.5496478872154 471.38612641774256 
363.2992192865832 556.9416486491201 324.2795861598444 667.7196870771818 577.1336500326419 471.90437710049054 
363.3845368406898 550.9804896727288 324.2795861598444 657.6025628684213 570.8776138543182 474.7335061973808 
361.34334202011905 550.8041848061796 324.2795861598444 659.636521768917 570.4813756819761 474.19782580979836 
363.23587353864855 549.1065470380042 324.2795861598444 658.3305611608235 567.2638275088584 476.6098670296182 
363.69951249304347 547.4426910645534 324.2795861598444 654.8433772111741 562.27773386468 472.6832991386461 
364.7963121547984 552.4076845953539 324.2795861598444 655.7321860708737 572.5316585133088 477.9646095645535 
362.42299784973164 547.238065196492 324.2795861598444 653.2894649937815 562.6324288556428 474.52481805595056 
363.40424186369114 550.8041848061796 324.2795861598444 656.1606898632501 570.4813756819761 474.76088821116645 
363.2755146218494 550.0013636346731 324.2795861598444 655.7571359523565 567.4347980164769 472.356822917882 
362.99917965026987 551.0301715877271 324.2795861598444 659.0173348179956 566.4057732756614 470.8020456342782 
365.89112687337956 555.3453880244258 324.2795861598444 662.7596233916964 573.2706603341915 477.6640317418418 
363.37861271726507 554.0952084254113 324.2795861598444 659.2441040195064 570.5236629623699 476.0743263993441 
365.1734487395898 554.7064539015208 324.2795861598444 658.8500157297503 572.8721497856219 478.6350074929418 
364.90033306819726 552.0038496242576 324.2795861598444 658.4238768005833 567.3054732681503 475.4537487634731 
363.0412129608803 551.7667079482052 324.2795861598444 655.6049359724104 572.1339441074965 476.1491244657884 
361.5391385414547 551.3342906077945 324.2795861598444 663.1873983999214 569.4244901652896 469.59850222003973 
362.5828519628094 550.4221107477424 324.2795861598444 659.7734398743353 565.5393443430792 474.00895245808715 
365.7356270315644 547.0418174143545 324.2795861598444 654.798810091578 560.1932702201981 479.06246307724496 
362.57073175765447 550.9859344847199 324.2795861598444 655.1447034822677 568.4876867619913 475.39682739790214 
361.81208888907196 552.6705619082674 324.2795861598444 658.5804530030767 570.3512075905511 474.34394281803395 
361.6179067932606 550.7095423179082 324.2795861598444 658.5729325278472 570.6629916158923 471.3181335453979 
359.110684727269 552.9027943499653 324.2795861598444 663.5199203165383 573.1306570058872 465.192883030973 
362.88579035148643 552.763285683845 324.2795861598444 662.8443697647346 568.3990675572929 472.1077220297359 
362.6032739828767 550.8339132624279 324.2795861598444 661.4096737549697 568.5386970119096 470.79283906854494 
362.28576232333097 550.9158284166465 324.2795861598444 660.4883322760859 571.3785960289376 470.22112285240206 
364.510297725698 553.5065491934129 324.2795861598444 661.4489019671537 567.4955946965579 475.29344490282756 
367.25244102248587 549.7992815564603 324.2795861598444 655.5557683657729 566.0114839824365 482.4015344070785 
365.6422898277351 552.4782801160603 324.2795861598444 657.3687930001822 571.9051494784777 475.098439161532 
365.13275362100086 553.4460226616503 324.2795861598444 658.1295083034839 572.515720308185 477.7581050477029 
365.7782508336283 553.9404300103035 324.2795861598444 658.3827453594398 573.2471107646335 474.7862247949122 
363.40601051095945 554.0354230552412 324.2795861598444 661.6640507797187 571.8754234971109 470.2870620484106 
362.9156166556514 557.3423543927017 324.2795861598444 660.3886481664847 577.1349495568606 469.6553820914156 
362.2067434956493 555.3649700872392 324.2795861598444 658.8943091766201 571.0372141988646 472.3779002666759 
362.2053935538109 553.0702939048526 324.2795861598444 662.076367978211 572.3263928913291 469.1596973611872 
361.06230227815297 553.9569026557932 324.2795861598444 661.7332919786337 572.4941047731407 470.44806022189294 
362.23647157044144 550.9863882166237 324.2795861598444 653.9888534278098 566.9940475878032 473.32070862052177 
363.52086161465195 548.3231255382177 324.2795861598444 660.2538111742168 568.2754613741473 471.61832398040855 
358.59044306093404 549.4674694647537 324.2795861598444 661.2745977538074 569.5588204917908 467.05289105142697 
361.57654822539746 548.0707071172478 324.2795861598444 657.3272502316593 570.197553484755 473.4253854789532 
363.70253117350467 550.9360216939895 324.2795861598444 659.7663348286239 569.8414253105858 473.5366915202394 
364.33268242693777 548.071391335107 324.2795861598444 657.2304086866286 567.4372211972 472.81011072926157 
362.2851633635346 549.1516184078855 324.2795861598444 657.9256657503099 568.305155704222 470.5165224256548 
362.72399553002595 547.9555182676784 324.2795861598444 659.4714487233829 565.8228521366028 472.2005215870633 
365.30931993052144 551.5444225082872 324.2795861598444 658.6124839319741 573.5795498446575 474.0009397536723 
364.8972117222594 551.1805511808267 324.2795861598444 661.9214987977379 573.5479491725168 472.16765086182284 
362.8407529082075 553.9792414883432 324.2795861598444 662.0535750921684 571.7457914143312 472.2026062282986 
362.4795398600271 557.2840388886084 324.2795861598444 667.6502325873763 574.9106452310654 467.9711658522478 
363.8287689598391 552.320106460013 324.2795861598444 665.044960757437 567.4955946965579 470.2803262214304 
363.52007933984834 552.9893760281475 324.2795861598444 665.8423132774408 568.9213478153197 468.0825909561037 
364.6193036779699 554.8301541913524 324.2795861598444 667.2177976002787 572.227882927772 469.70715728974756 
362.70169028270385 550.7324668112458 324.2795861598444 660.7654906220412 567.0745100954547 468.1922293908516 
362.8870756348785 554.1897238311083 324.2795861598444 666.1245887836953 573.0196331714995 470.8028176830369 
361.4508579359502 553.1026125412897 324.2795861598444 660.8724963318152 573.9697291669657 473.00233996930814 
362.109938467935 551.7005528364097 324.2795861598444 666.8667576473346 571.7173689857602 473.0387125566736 
362.7993831113386 552.5825730151106 324.2795861598444 665.232770760447 571.8787021738088 471.92612024683984 
363.79829754421263 551.0149725733413 324.2795861598444 664.3742777156399 569.365655795992 472.83220125589366 
364.0033359412904 552.5913951555888 324.2795861598444 666.034598162392 569.6292653998738 471.9005811948824 
366.434174317095 540.6757346136407 324.2795861598444 655.4444650181815 573.7299016087622 470.2494488177638 
365.79844029696244 540.3991580304321 324.2795861598444 658.9747761415798 573.8623528338481 469.19071822633936 
366.6009890487892 543.7198267490344 324.2795861598444 659.231351249856 577.297150521289 473.9334784097468 
370.07364132021075 557.6414618731286 324.2795861598444 660.3427140508177 578.7013478470566 473.27608221840245 
369.18257543709694 557.6414618731286 324.2795861598444 652.6945473853998 578.7013478470566 466.7413514746998 
365.6183119046418 557.6414618731286 324.2795861598444 622.1018807237284 578.7013478470566 440.60242849988924 
365.6183119046418 530.4307212068321 324.2795861598444 589.074698149564 559.037118624515 440.60242849988924 
365.6183119046418 530.4307212068321 324.2795861598444 589.074698149564 559.037118624515 440.60242849988924 
365.6183119046418 530.4307212068321 324.2795861598444 589.074698149564 559.037118624515 440.60242849988924 
365.6183119046418 530.4307212068321 324.2795861598444 589.074698149564 559.037118624515 440.60242849988924 
365.6183119046418 530.4307212068321 324.2795861598444 589.074698149564 559.037118624515 440.60242849988924 
365.6183119046418 530.4307212068321 324.2795861598444 589.074698149564 559.037118624515 440.60242849988924 
365.6183119046418 530.4307212068321 324.2795861598444 589.074698149564 559.037118624515 440.60242849988924 
364.5791832324086 530.4307212068321 324.2795861598444 597.4098675168296 559.037118624515 445.36913244412443 
360.52165095861574 530.4307212068321 324.2795861598444 629.9701691781881 559.037118624515 465.8251076788406 
361.7574169245473 530.4307212068321 324.2795861598444 628.376450464116 559.037118624515 471.5742272464902 
364.7495175123831 557.056101303989 324.2795861598444 666.8845376357336 575.4326633064896 471.99790300430175 
363.0541212271371 557.056101303989 324.2795861598444 667.9429585993871 575.4326633064896 470.17719067990816 
363.03028724048477 558.0667522796891 324.2795861598444 669.282736139706 576.1633882849551 469.67793654108306 
365.87041546918215 559.0619375346528 324.2795861598444 662.9590456251708 576.0286451210563 474.30350360141045 
363.0310141338813 555.94176853336 324.2795861598444 664.1450742757563 572.4949781439135 472.02988439527894 
362.77968648836463 555.9822389249498 324.2795861598444 664.9893050167328 572.1870323591754 468.6146182848685 
363.19698146942676 554.0518928764707 324.2795861598444 662.4563741691188 570.9752621611552 469.4776179625038 
362.7099530530818 560.2865338378213 324.2795861598444 664.8012254270402 578.174065485473 471.48146185760567 
361.45254069087173 559.5663499532473 324.2795861598444 664.0552622235498 579.143548699284 472.31907940349845 
362.1793715510144 559.2680484347376 324.2795861598444 666.1262255610134 578.4837940685978 472.4569402990732 
361.12946192550316 559.0044722540241 332.70692059017927 667.4605658728254 579.4209157996547 480.3143094758725 
363.43096187972577 557.1864589165821 331.45501915755085 662.9679458597094 576.0377447623815 479.1586605288725 
363.4379443646136 558.874091365846 329.9090409295131 664.7923297509232 580.4422388294695 481.04278338169973 
360.32799234456763 556.2151112654168 329.73246731251686 663.3075128473079 576.8927543313401 478.288435104712 
365.71961807039713 557.4645728653975 329.73246731251686 664.0908755907507 578.2536208274013 485.59470087988024 
362.9318134421317 559.3040318109641 329.73246731251686 666.2097382138744 581.8870165246859 482.3043944509519 
361.9063658814182 556.5673813654552 329.73246731251686 664.6712098952029 577.9517713442879 480.79936401880843 
363.24586511777187 554.8112291581705 329.73246731251686 659.3636506292764 577.9398757656371 485.21147803769327 
361.8394102194554 556.4335090556642 329.73246731251686 663.6531797012789 579.3515771964378 482.93045975533124 
363.53344650055936 557.6006635577114 329.73246731251686 661.5385776251792 578.9801378285787 483.4721168982002 
361.8528264421197 555.6086752382471 329.73246731251686 662.4104962063235 576.1696798686999 480.244170317179 
362.5046951025275 555.8464266323928 329.73246731251686 664.6706969026011 578.9669679696761 481.12008100772084 
363.8686019576636 556.5673813654552 329.73246731251686 664.5620572384144 577.9517713442879 483.31985680130566 
364.3496415593214 557.7071364076311 329.73246731251686 663.6184030582806 581.8292275229907 483.71199561676053 
363.4753629512217 557.3174589047072 329.73246731251686 663.0809476621621 579.5232954765494 482.6672932475098 
364.4685209850169 556.2427527617775 329.73246731251686 661.3070271035557 580.4967700168537 486.8573081369933 
364.7931825932585 555.0869301289664 329.73246731251686 662.3821971931798 578.2914490116553 485.4525820654155 
362.77189668988507 554.3814120260527 326.1584071021367 661.1960405672012 579.0051504838208 466.8081861357267 
361.95429831606214 554.2659560175061 326.9503628947481 662.5031669105142 574.6716444257319 467.36663133826687 
363.20380078193057 553.5169374102295 327.3717306060497 662.1192034511091 576.3846371998476 469.9323534750783 
365.1215984544199 553.4500880838308 327.3717306060497 661.5291359333426 577.0132147533539 475.48378779517407 
364.6796865722241 554.441160088246 327.3717306060497 661.4129017276372 576.392444433478 474.87269629875243 
364.7047341837529 558.8651447352929 327.3717306060497 664.9954470162558 583.1333466712396 475.1492649141214 
362.9825578949466 554.8876012310961 329.33734087416883 664.1485798840393 574.8718141845077 475.29210441883095 
362.0378728170996 555.8734118484172 331.458799444752 663.773577132798 575.7109076467996 482.4779485047326 
366.5140720754841 556.0384429155955 328.8186855869184 661.873684719482 578.8024116338405 482.77594294676663 
365.49765072209027 558.8036327727299 329.36457371429503 665.8083427672555 580.1296548131293 477.0074593790773 
364.2791048036018 555.9849368463142 329.872235624174 667.1777671029648 577.2848279515617 475.5161316897129 
364.4181973864147 556.619484028362 331.9043732735685 666.1396217066565 580.4950954734056 482.41601446843407 
365.50120905391077 555.7447705556931 331.6213925683434 661.9864568061421 577.8700932003603 479.5972275983103 
361.9624610347966 556.1337518978685 331.0493383838172 662.2363584358606 578.4872076533079 477.97879600228237 
363.13229135502314 554.3649519946224 331.6777343062271 662.9199898276975 575.8865773622979 478.35994405822026 
363.6994425629339 555.1094486675578 334.50030655757433 666.4655218238848 574.654207504027 482.7915936882447 
362.66930101477874 557.1528066877165 350.1476805863896 664.6501842073317 584.6410052902368 509.84631941686195 
363.14441788064147 556.0750848581511 352.2657901404615 661.2987963824952 582.9666687512316 516.233523163972 
362.29194206419794 556.3366786398323 351.738107642896 665.5217869322096 584.1522228841253 512.2157341974545 
362.6724902347576 556.8071928414718 348.7163065865181 667.1257540062397 583.4602307801208 507.83436333046814 
362.7636310015336 556.446089032891 349.76762384306926 664.3071770246572 584.7159006550685 509.53553252556407 
363.8799282266094 556.6596805948856 349.03653300065275 665.9919501146807 583.9712268556921 506.2846920110783 
363.152371610538 558.9250844254532 346.92055461467567 669.715673392439 586.3529705182619 504.96720958712694 
363.62608324807843 556.9966337420722 349.36991984439896 664.7723698521693 585.2806804606162 504.76036999008886 
362.9948794232404 558.8510535017359 349.8597376637465 667.2564866842647 585.8911570970818 506.4998944751633 
363.57084917387664 558.574077450789 349.4273388822046 671.5792134260724 584.0799565605446 507.52628805434813 
364.71050909572205 554.7657163163564 353.9183464628789 665.8813210403396 584.9079125133496 520.9696021524219 
364.50160231368903 557.181299040088 355.06443077278243 667.976832161785 589.2408251300991 525.5075062465163 
365.05793774855044 556.2544381845416 355.06443077278243 666.039170290016 586.6964717807667 523.490687460105 
364.030765396559 558.2889037048828 355.06443077278243 668.2787316584803 589.062178381875 523.6866016660408 
364.3465163066178 556.1263345679649 355.06443077278243 663.205807739229 587.7152797060835 524.0336031034929 
363.0811170661145 555.3084728328931 355.06443077278243 661.3686396169207 586.8298305301121 521.5839701849025 
363.0007878102468 554.9067489227357 355.06443077278243 664.3767014594597 588.9679532877828 520.629059201305 
362.58803474919364 555.8497998560402 355.06443077278243 665.5660865623672 590.1565470279899 522.516022982311 
363.82584745090264 557.6775502026238 355.06443077278243 665.2266263352628 593.8286789975708 524.4786777597802 
363.74050632435535 553.3292419527455 355.06443077278243 663.2283199954395 587.335083236137 523.1390259526593 
362.68581514552756 556.7068348781071 355.06443077278243 664.6420456977189 589.3235528977269 522.3714093780545 
362.04355151707784 554.0300082125516 355.06443077278243 660.0974543012615 587.9170859908734 521.4466396714348 
363.66825849890915 554.4005772002768 355.06443077278243 659.7561851724777 588.0125423832386 525.6945180699817 
362.08836370309257 556.713121814099 355.06443077278243 666.115134066652 592.0855090272012 521.1785311893786 
364.1807232636688 557.317234615977 355.06443077278243 666.7584540847196 593.7046824811137 522.7605426138023 
363.52365542054855 555.5380275012683 355.06443077278243 661.4090928562874 588.8295593803015 523.3510565154318 
363.2251688745898 556.1173437324178 355.06443077278243 663.3739691094459 590.4703633545041 521.6046870565144 
361.9779537437579 553.8106625914672 355.06443077278243 660.8208705782404 590.0216097737438 520.384354319235 
360.99610807076937 555.4558938385658 355.06443077278243 664.3654474334728 593.5313808047557 516.4729624492709 
363.0977097086182 553.3708069640104 355.06443077278243 661.496874000856 588.3855028805519 520.2016840443632 
361.9395588189171 554.3146669537078 355.06443077278243 664.4316911149825 588.1725937171843 518.9765185713542 
364.2324313323844 554.1732581061631 355.06443077278243 661.1037955929196 587.3438090250037 524.8708312394461 
361.47626679931983 552.964284560947 355.06443077278243 662.7050831742214 587.2080125475128 515.7106211370527 
361.34925850916613 555.4878486519755 355.06443077278243 664.8263750843237 593.1728247315449 517.6247739552472 
361.52211043791016 552.1833934482274 355.06443077278243 663.0934683702682 585.9677892171206 519.480987868704 
362.2293579878185 554.564243347874 355.06443077278243 663.4903795008181 586.6346818932545 519.255194904109 
365.02561929761214 554.8301541913524 355.06443077278243 660.9381827378354 588.277358054855 527.838239144636 
361.26548455676567 554.6742287144771 355.06443077278243 663.7721316019779 584.5427700348367 520.521033708864 
361.9686931370337 555.6682913393565 355.06443077278243 662.3029995652889 589.6833896253141 521.3107937169639 
362.25055079930837 556.5963528446805 355.06443077278243 663.6736979094453 588.9925721093603 522.710252923148 
359.4550668359291 555.0040540392475 355.06443077278243 663.4471794089228 589.6026204148011 518.5191794100857 
360.0655148955248 557.347512778159 355.06443077278243 661.4074954348514 589.7376535375708 520.8481200417032 
360.07719127876817 555.6277980806935 355.06443077278243 663.5129382035398 588.6735088315085 517.0107548967121 
362.89094094879835 555.3012695825573 355.06443077278243 659.690848548886 588.1898078001692 525.4243873341766 
362.823819192742 556.0595741465117 355.06443077278243 663.4469556021916 590.3028883547836 522.4300517439041 
364.17912794759627 556.4386758664426 355.06443077278243 665.9196875539631 591.8401388888726 521.2810663839912 
366.37838813419575 554.1308509729448 355.06443077278243 665.5891414817042 589.0982515675971 526.1264489403603 
364.7378383625716 552.6777994455721 355.06443077278243 659.5531561080959 586.4818837781778 528.8948332933721 
363.6395949435377 550.9525841667321 355.06443077278243 661.1953818380786 585.3451972981413 525.3297300470663 
361.3684802322738 550.4564015433011 355.06443077278243 661.7689253024573 584.3590505844844 523.8490116454792 
362.28002441723 551.5328639346889 355.06443077278243 664.3151741138167 587.8156598798639 522.3910436276146 
363.22014374475134 552.1263442365344 355.06443077278243 667.3244143532738 591.2192909572556 520.524518705094 
363.18275141863455 553.0571851083756 355.06443077278243 670.4593590204545 592.2377056554235 520.1925711391385 
361.19645243091054 550.0711317638838 355.06443077278243 662.4655877120294 585.1166550355579 521.8213229506404 
360.20142291157805 555.167992593233 355.06443077278243 661.0162313672133 586.8247182932906 524.3485555129641 
364.22290799542327 554.4907573621042 355.06443077278243 662.4274918329816 590.1158784510039 521.2284042858275 
362.4993442612148 555.196811950501 355.06443077278243 663.0529548542937 586.4965899304104 517.5647911229239 
360.4254497071729 557.1440567752653 355.06443077278243 662.1843225677139 588.2331595549506 519.0600044679605 
362.2377585114137 559.5239047618966 355.06443077278243 669.3679989350238 590.2412642301451 516.5905429784247 
364.98095612107494 555.1238600528715 355.06443077278243 664.837236663428 585.8440492144646 523.5488212243653 
363.8666533809348 558.6470263055197 355.06443077278243 666.4077860599796 591.087345491341 520.2986590898713 
361.74918346792975 554.4488254113269 355.06443077278243 660.1648628950234 586.2979191503241 520.0877649962744 
361.1272656216556 555.8392303535259 355.06443077278243 660.6456287618071 586.9126851585336 520.9659129292805 
361.8676698538158 554.264828398844 355.06443077278243 658.9147278436164 585.3120962358458 524.1744845569873 
360.6831375327557 546.8806999702952 355.06443077278243 660.2495975882576 578.9397637060354 519.3224930749586 
358.70865895545506 551.5509949225003 355.06443077278243 661.6834362389725 585.0190167849247 521.4075850897175 
360.30569756887104 548.6266945747354 355.06443077278243 662.5970209727438 579.1860668213627 520.9229592071416 
361.0755196315437 545.3737250729998 355.06443077278243 657.5346568506361 575.0958615743988 518.1100121894244 
362.1522102110428 550.4568557116896 355.06443077278243 661.1150400172838 583.0214404290806 520.5344666540755 
361.2695907276637 553.1087144495194 355.06443077278243 662.5158613909955 588.0395394869295 521.0104374128807 
359.98922898306154 551.9230018761675 355.06443077278243 661.9924311239421 581.8906684249198 517.9046506152231 
360.7160659368188 551.6926227529239 355.06443077278243 660.4042430752659 580.7391841437944 521.1917155683382 
362.2708643184732 557.4766811266638 355.06443077278243 663.05104668625 588.6862492024082 522.4333496986786 
359.3586446525439 557.894703326712 355.06443077278243 659.8215586177021 586.0949155213684 522.5075330547725 
360.96990646739465 554.1565663239949 355.06443077278243 658.4892136294029 585.0190167849247 520.9878168265275 
363.65366413303695 550.3616992487758 355.06443077278243 655.6451304716729 583.1747165301322 524.0238564009298 
362.73276423334073 554.3243635273485 355.06443077278243 656.575616434287 582.5806811077758 524.6740791607374 
360.4165833619387 556.1703875612221 355.06443077278243 661.8457116346079 587.364665263412 520.3717412145768 
361.97656359285173 553.3961058771556 355.06443077278243 658.315373301564 584.2255557573633 520.8479739422711 
360.5920352157791 551.7846047145571 355.06443077278243 659.4179154026561 579.044471521834 521.4112560410879 
359.6921250272869 548.7932215324821 355.06443077278243 659.1840317471422 578.624878483461 516.5907795353564 
358.3136082928236 552.635956123016 355.06443077278243 660.1475350285893 583.5077120312978 516.2483546511135 
360.8825993547448 558.4626218467984 355.06443077278243 659.9692637044952 591.4298352298437 521.3757014034346 
359.84349104929396 553.2951292032129 355.06443077278243 659.3678135309169 584.4101727382917 519.2445062125532 
362.49376976857457 551.1848600968644 355.06443077278243 656.2643471789333 582.1769490455629 519.8852311048734 
363.83397564610476 558.101469268806 355.06443077278243 661.5427502202243 589.9444889139995 524.3071452781884 
362.84551925761815 555.1497545707824 355.06443077278243 661.1537145291463 583.94991223563 524.3380300999095 
360.85269294490126 558.4068857025314 355.06443077278243 662.886873015987 589.9046533127197 521.5570019205879 
362.78710330127365 559.4894994546369 355.06443077278243 662.6242485259952 593.3121016800517 523.3694144962492 
363.40445465998624 559.2718480309911 355.06443077278243 663.4519068633597 592.3417510187847 523.2189680327016 
361.37702516499456 553.5634561637899 355.06443077278243 659.7244528524905 584.7266455361856 519.611423358733 
364.7883060626459 556.4660816258256 355.06443077278243 661.4842888174728 585.6050290084606 527.417135272129 
</samples>
</class>
